# columns: MC time -- magnetization
# simulation 1
#    waiting thermalization for the first 100 sim steps
0 -0.021244
10 -0.029867
20 -0.012178
30 0.020089
40 0.074578
50 0.153689
60 0.280178
70 0.422311
80 0.580800
90 0.745422
#    end thermalization
100 0.850133
110 0.913333
120 0.943111
130 0.947022
140 0.946489
150 0.946311
160 0.947022
170 0.946489
180 0.946311
190 0.947022
200 0.946489
210 0.946311
220 0.947022
230 0.946489
240 0.946311
250 0.947022
260 0.946489
270 0.946311
280 0.947022
290 0.946489
300 0.946311
310 0.947022
320 0.946489
330 0.946311
340 0.947022
350 0.946489
360 0.946311
370 0.947022
380 0.946489
390 0.946311
400 0.947022
410 0.946489
420 0.946311
430 0.947022
440 0.946489
450 0.946311
460 0.947022
470 0.946489
480 0.946311
490 0.947022
# end simulation 1
# average for simulation 1: 0.943287
# simulation 2
#    waiting thermalization for the first 100 sim steps
0 -0.021244
10 -0.029867
20 -0.012178
30 0.020089
40 0.074578
50 0.153689
60 0.280178
70 0.422311
80 0.580800
90 0.745422
#    end thermalization
100 0.850133
110 0.913333
120 0.943111
130 0.947022
140 0.946489
150 0.946311
160 0.947022
170 0.946489
180 0.946311
190 0.947022
200 0.946489
210 0.946311
220 0.947022
230 0.946489
240 0.946311
250 0.947022
260 0.946489
270 0.946311
280 0.947022
290 0.946489
300 0.946311
310 0.947022
320 0.946489
330 0.946311
340 0.947022
350 0.946489
360 0.946311
370 0.947022
380 0.946489
390 0.946311
400 0.947022
410 0.946489
420 0.946311
430 0.947022
440 0.946489
450 0.946311
460 0.947022
470 0.946489
480 0.946311
490 0.947022
# end simulation 2
# average for simulation 2: 0.943287
# simulation 3
#    waiting thermalization for the first 100 sim steps
0 -0.021244
10 -0.029867
20 -0.012178
30 0.020089
40 0.074578
50 0.153689
60 0.280178
70 0.422311
80 0.580800
90 0.745422
#    end thermalization
100 0.850133
110 0.913333
120 0.943111
130 0.947022
140 0.946489
150 0.946311
160 0.947022
170 0.946489
180 0.946311
190 0.947022
200 0.946489
210 0.946311
220 0.947022
230 0.946489
240 0.946311
250 0.947022
260 0.946489
270 0.946311
280 0.947022
290 0.946489
300 0.946311
310 0.947022
320 0.946489
330 0.946311
340 0.947022
350 0.946489
360 0.946311
370 0.947022
380 0.946489
390 0.946311
400 0.947022
410 0.946489
420 0.946311
430 0.947022
440 0.946489
450 0.946311
460 0.947022
470 0.946489
480 0.946311
490 0.947022
# end simulation 3
# average for simulation 3: 0.943287
# simulation 4
#    waiting thermalization for the first 100 sim steps
0 -0.021244
10 -0.029867
20 -0.012178
30 0.020089
40 0.074578
50 0.153689
60 0.280178
70 0.422311
80 0.580800
90 0.745422
#    end thermalization
100 0.850133
110 0.913333
120 0.943111
130 0.947022
140 0.946489
150 0.946311
160 0.947022
170 0.946489
180 0.946311
190 0.947022
200 0.946489
210 0.946311
220 0.947022
230 0.946489
240 0.946311
250 0.947022
260 0.946489
270 0.946311
280 0.947022
290 0.946489
300 0.946311
310 0.947022
320 0.946489
330 0.946311
340 0.947022
350 0.946489
360 0.946311
370 0.947022
380 0.946489
390 0.946311
400 0.947022
410 0.946489
420 0.946311
430 0.947022
440 0.946489
450 0.946311
460 0.947022
470 0.946489
480 0.946311
490 0.947022
# end simulation 4
# average for simulation 4: 0.943287
# simulation 5
#    waiting thermalization for the first 100 sim steps
0 -0.021244
10 -0.029867
20 -0.012178
30 0.020089
40 0.074578
50 0.153689
60 0.280178
70 0.422311
80 0.580800
90 0.745422
#    end thermalization
100 0.850133
110 0.913333
120 0.943111
130 0.947022
140 0.946489
150 0.946311
160 0.947022
170 0.946489
180 0.946311
190 0.947022
200 0.946489
210 0.946311
220 0.947022
230 0.946489
240 0.946311
250 0.947022
260 0.946489
270 0.946311
280 0.947022
290 0.946489
300 0.946311
310 0.947022
320 0.946489
330 0.946311
340 0.947022
350 0.946489
360 0.946311
370 0.947022
380 0.946489
390 0.946311
400 0.947022
410 0.946489
420 0.946311
430 0.947022
440 0.946489
450 0.946311
460 0.947022
470 0.946489
480 0.946311
490 0.947022
# end simulation 5
# average for simulation 5: 0.943287
# average of all simulations: 0.943287
# overall average: 0.943286
