# columns: MC time -- magnetization
# simulation 1
#    waiting thermalization for the first 250 sim steps
0 0.003822
20 0.066756
40 0.067022
60 0.097511
80 0.212800
100 0.277689
120 0.274844
140 0.266667
160 0.254222
180 0.203822
200 0.198400
220 0.261156
240 0.293333
#    end thermalization
260 0.320089
280 0.337244
300 0.296267
320 0.309778
340 0.266311
360 0.216089
380 0.231467
400 0.186756
420 0.164000
440 0.139378
460 0.195467
480 0.206844
500 0.187022
520 0.192178
540 0.197422
560 0.175378
580 0.199022
600 0.161867
620 0.239911
640 0.162756
660 0.187022
680 0.200533
700 0.144444
720 0.114756
740 0.135200
# end simulation 1
# average for simulation 1: 0.206688 +- 0.058074 
# simulation 2
#    waiting thermalization for the first 250 sim steps
0 -0.000267
20 0.060000
40 0.041511
60 -0.036800
80 -0.070133
100 -0.109867
120 -0.160978
140 -0.154756
160 -0.251822
180 -0.278756
200 -0.295378
220 -0.317956
240 -0.275822
#    end thermalization
260 -0.245689
280 -0.168356
300 -0.191022
320 -0.254667
340 -0.257867
360 -0.291289
380 -0.276089
400 -0.303556
420 -0.312800
440 -0.335200
460 -0.317956
480 -0.331022
500 -0.282311
520 -0.237067
540 -0.303022
560 -0.321244
580 -0.265600
600 -0.320444
620 -0.354756
640 -0.320800
660 -0.305867
680 -0.355911
700 -0.340267
720 -0.368711
740 -0.332178
# end simulation 2
# average for simulation 2: -0.295748 +- 0.048657 
# simulation 3
#    waiting thermalization for the first 250 sim steps
0 -0.017244
20 -0.002933
40 -0.081422
60 -0.019467
80 -0.070489
100 -0.109778
120 -0.141867
140 -0.160622
160 -0.150933
180 -0.168089
200 -0.200267
220 -0.174933
240 -0.212267
#    end thermalization
260 -0.236622
280 -0.305333
300 -0.261244
320 -0.270489
340 -0.231911
360 -0.250756
380 -0.229867
400 -0.271733
420 -0.352889
440 -0.389422
460 -0.340089
480 -0.330756
500 -0.350844
520 -0.358133
540 -0.425600
560 -0.423822
580 -0.404622
600 -0.370756
620 -0.426400
640 -0.416533
660 -0.384978
680 -0.344889
700 -0.379644
720 -0.384000
740 -0.396267
# end simulation 3
# average for simulation 3: -0.341504 +- 0.064487 
# simulation 4
#    waiting thermalization for the first 250 sim steps
0 -0.008000
20 0.016978
40 0.002933
60 0.030489
80 0.103644
100 0.083200
120 0.135200
140 0.176444
160 0.185156
180 0.271556
200 0.313244
220 0.360711
240 0.352356
#    end thermalization
260 0.287022
280 0.193867
300 0.152622
320 0.178756
340 0.104356
360 0.079644
380 0.082311
400 0.062044
420 0.138844
440 0.207556
460 0.241778
480 0.148444
500 0.212889
520 0.231378
540 0.221600
560 0.202222
580 0.172267
600 0.219111
620 0.230400
640 0.247378
660 0.249333
680 0.232622
700 0.177956
720 0.149067
740 0.145333
# end simulation 4
# average for simulation 4: 0.182752 +- 0.057646 
# simulation 5
#    waiting thermalization for the first 250 sim steps
0 -0.002044
20 -0.023378
40 -0.128000
60 -0.108622
80 -0.048000
100 -0.092533
120 -0.166933
140 -0.180622
160 -0.196800
180 -0.166489
200 -0.249156
220 -0.213156
240 -0.129511
#    end thermalization
260 -0.138844
280 -0.187822
300 -0.128978
320 -0.133156
340 -0.124356
360 -0.137778
380 -0.057511
400 -0.013067
420 -0.058044
440 -0.114133
460 -0.069956
480 -0.023822
500 0.072267
520 0.045244
540 -0.005244
560 -0.019022
580 -0.016000
600 -0.028533
620 -0.057778
640 -0.128444
660 -0.098400
680 -0.119200
700 -0.070489
720 -0.088267
740 -0.081333
# end simulation 5
# average for simulation 5: -0.071307 +- 0.061129 
# simulation 6
#    waiting thermalization for the first 250 sim steps
0 -0.000533
20 0.029156
40 0.055200
60 0.074756
80 0.028178
100 -0.035111
120 -0.031467
140 -0.048267
160 -0.015733
180 0.002578
200 -0.010578
220 0.076800
240 0.048533
#    end thermalization
260 -0.017778
280 -0.047200
300 -0.055289
320 0.088889
340 0.127556
360 0.148000
380 0.214667
400 0.147556
420 0.142400
440 0.076356
460 0.118222
480 0.068267
500 0.029867
520 0.048089
540 0.091022
560 0.102489
580 0.176622
600 0.160533
620 0.105956
640 0.238933
660 0.164978
680 0.131911
700 0.065600
720 0.069511
740 0.138222
# end simulation 6
# average for simulation 6: 0.101415 +- 0.071354 
# simulation 7
#    waiting thermalization for the first 250 sim steps
0 -0.000800
20 0.078578
40 0.145511
60 0.155022
80 0.088178
100 0.136000
120 0.158044
140 0.107644
160 0.131200
180 0.162933
200 0.243289
220 0.239111
240 0.232622
#    end thermalization
260 0.242578
280 0.243733
300 0.219467
320 0.264089
340 0.235822
360 0.287289
380 0.342133
400 0.311111
420 0.284622
440 0.281333
460 0.288622
480 0.300089
500 0.272533
520 0.372533
540 0.392622
560 0.386578
580 0.356356
600 0.372889
620 0.378311
640 0.407111
660 0.318933
680 0.300622
700 0.256356
720 0.248622
740 0.240000
# end simulation 7
# average for simulation 7: 0.304174 +- 0.055636 
# simulation 8
#    waiting thermalization for the first 250 sim steps
0 -0.000889
20 0.125778
40 0.091644
60 0.142133
80 0.091644
100 0.120711
120 0.185156
140 0.157778
160 0.092267
180 0.095022
200 0.050044
220 0.079378
240 0.089778
#    end thermalization
260 0.118133
280 0.151733
300 0.064800
320 0.040533
340 0.000000
360 0.086489
380 0.094044
400 0.125689
420 0.158222
440 0.207289
460 0.199022
480 0.151733
500 0.065778
520 0.065778
540 0.099822
560 0.056889
580 0.130578
600 0.164978
620 0.162400
640 0.135378
660 0.177156
680 0.254311
700 0.206489
720 0.198756
740 0.201778
# end simulation 8
# average for simulation 8: 0.132711 +- 0.061647 
# simulation 9
#    waiting thermalization for the first 250 sim steps
0 -0.000711
20 -0.085956
40 -0.145867
60 -0.072889
80 -0.031200
100 -0.079289
120 -0.150578
140 -0.198489
160 -0.127022
180 -0.101156
200 -0.113778
220 -0.208444
240 -0.266133
#    end thermalization
260 -0.244089
280 -0.178222
300 -0.230222
320 -0.263467
340 -0.259022
360 -0.267822
380 -0.204178
400 -0.192978
420 -0.171556
440 -0.118133
460 -0.196889
480 -0.244444
500 -0.231556
520 -0.274222
540 -0.236444
560 -0.221600
580 -0.260089
600 -0.231200
620 -0.279200
640 -0.320622
660 -0.385689
680 -0.372089
700 -0.344889
720 -0.410400
740 -0.340800
# end simulation 9
# average for simulation 9: -0.259193 +- 0.069368 
# simulation 10
#    waiting thermalization for the first 250 sim steps
0 0.000978
20 0.082044
40 0.110400
60 -0.003467
80 0.083467
100 0.066133
120 0.130489
140 0.085689
160 0.152000
180 0.119467
200 0.119111
220 0.109956
240 0.093067
#    end thermalization
260 0.121600
280 0.136622
300 0.146044
320 0.185689
340 0.215022
360 0.220267
380 0.228089
400 0.246489
420 0.261956
440 0.256356
460 0.200800
480 0.190311
500 0.173067
520 0.237067
540 0.188533
560 0.192533
580 0.224800
600 0.269511
620 0.342222
640 0.359733
660 0.344178
680 0.333778
700 0.388089
720 0.388978
740 0.387644
# end simulation 10
# average for simulation 10: 0.249575 +- 0.080248 
# average of all simulations: 0.020956 +- 0.230389
# overall average: 0.020956 +- 0.238954
