# cpu1
# parameters:
# linear_size: 1000
# temperature: 2.240000
#temp_start: 0.000000
# coupling: 1.000000
# repetitions: 1
# simulation_t_max: 2500
# thermalization_time: 0
# time_between_measurements: 2
# base_random_seed: 1000
# extra:
# area: 1000000
# active_spins_excluding_boundaries:996004
# columns: MC time -- magnetization
# simulation 1
#    waiting thermalization for the first 0 sim steps
#    end thermalization
0 -0.924040
2 -0.845011
4 -0.813748
6 -0.797017
8 -0.786672
10 -0.779109
12 -0.771117
14 -0.765854
16 -0.761734
18 -0.761067
20 -0.759419
22 -0.760571
24 -0.758019
26 -0.759760
28 -0.758957
30 -0.756780
32 -0.753931
34 -0.751240
36 -0.750065
38 -0.745957
40 -0.741449
42 -0.739881
44 -0.738023
46 -0.739023
48 -0.735260
50 -0.736784
52 -0.737477
54 -0.741192
56 -0.739822
58 -0.737210
60 -0.736818
62 -0.735989
64 -0.733294
66 -0.731087
68 -0.730852
70 -0.730405
72 -0.730535
74 -0.729222
76 -0.730770
78 -0.729132
80 -0.729475
82 -0.731150
84 -0.729881
86 -0.729553
88 -0.726435
90 -0.725608
92 -0.727186
94 -0.728969
96 -0.729142
98 -0.729067
100 -0.728583
102 -0.727979
104 -0.727120
106 -0.725367
108 -0.725091
110 -0.722523
112 -0.723122
114 -0.723525
116 -0.720583
118 -0.720909
120 -0.723266
122 -0.723903
124 -0.725106
126 -0.723569
128 -0.725413
130 -0.723106
132 -0.725702
134 -0.726644
136 -0.727112
138 -0.725606
140 -0.726632
142 -0.725624
144 -0.723220
146 -0.721780
148 -0.722724
150 -0.721324
152 -0.721067
154 -0.722533
156 -0.724752
158 -0.722720
160 -0.720451
162 -0.719236
164 -0.719851
166 -0.720467
168 -0.721485
170 -0.721272
172 -0.723244
174 -0.719100
176 -0.716200
178 -0.719453
180 -0.720344
182 -0.718810
184 -0.718525
186 -0.718736
188 -0.717977
190 -0.715391
192 -0.713989
194 -0.712112
196 -0.712405
198 -0.711069
200 -0.712505
202 -0.714521
204 -0.711017
206 -0.714847
208 -0.713015
210 -0.712569
212 -0.712423
214 -0.712455
216 -0.712947
218 -0.711459
220 -0.713377
222 -0.714929
224 -0.714075
226 -0.713194
228 -0.711330
230 -0.710877
232 -0.713716
234 -0.713218
236 -0.713971
238 -0.711168
240 -0.710170
242 -0.712098
244 -0.712539
246 -0.712015
248 -0.709622
250 -0.710585
252 -0.710698
254 -0.710399
256 -0.712594
258 -0.715459
260 -0.717146
262 -0.719501
264 -0.721077
266 -0.720156
268 -0.720511
270 -0.719732
272 -0.716626
274 -0.717425
276 -0.715764
278 -0.718023
280 -0.716947
282 -0.719511
284 -0.721037
286 -0.721278
288 -0.719013
290 -0.717471
292 -0.712822
294 -0.711630
296 -0.713670
298 -0.713702
300 -0.713762
302 -0.716740
304 -0.718393
306 -0.718136
308 -0.718768
310 -0.718383
312 -0.722033
314 -0.724471
316 -0.725909
318 -0.725043
320 -0.724925
322 -0.724110
324 -0.724057
326 -0.723027
328 -0.721419
330 -0.719334
332 -0.720170
334 -0.721517
336 -0.722708
338 -0.723614
340 -0.724411
342 -0.721091
344 -0.721393
346 -0.720553
348 -0.719160
350 -0.719124
352 -0.717676
354 -0.719375
356 -0.721202
358 -0.719644
360 -0.719700
362 -0.720969
364 -0.718148
366 -0.716375
368 -0.717355
370 -0.717786
372 -0.717800
374 -0.716804
376 -0.718808
378 -0.719575
380 -0.717989
382 -0.717668
384 -0.716361
386 -0.720308
388 -0.721666
390 -0.720690
392 -0.721535
394 -0.724774
396 -0.721009
398 -0.718838
400 -0.718469
402 -0.720499
404 -0.720857
406 -0.721102
408 -0.721461
410 -0.720035
412 -0.713907
414 -0.717236
416 -0.718551
418 -0.719644
420 -0.717696
422 -0.716923
424 -0.716328
426 -0.716776
428 -0.718879
430 -0.719581
432 -0.719067
434 -0.721043
436 -0.723545
438 -0.721740
440 -0.722081
442 -0.724383
444 -0.722967
446 -0.721513
448 -0.719865
450 -0.717682
452 -0.717188
454 -0.716618
456 -0.716116
458 -0.714511
460 -0.713772
462 -0.715529
464 -0.713172
466 -0.712310
468 -0.714712
470 -0.714379
472 -0.714778
474 -0.718575
476 -0.717216
478 -0.713377
480 -0.710100
482 -0.711638
484 -0.710859
486 -0.713371
488 -0.715194
490 -0.718198
492 -0.713453
494 -0.714425
496 -0.712971
498 -0.712180
500 -0.714132
502 -0.715479
504 -0.714541
506 -0.712716
508 -0.710853
510 -0.715503
512 -0.715094
514 -0.714108
516 -0.712294
518 -0.710606
520 -0.709696
522 -0.712274
524 -0.709204
526 -0.707337
528 -0.705463
530 -0.706849
532 -0.706531
534 -0.710674
536 -0.711933
538 -0.713025
540 -0.715353
542 -0.714700
544 -0.714353
546 -0.714381
548 -0.717672
550 -0.718915
552 -0.715349
554 -0.717019
556 -0.716224
558 -0.718194
560 -0.720479
562 -0.720443
564 -0.720943
566 -0.721581
568 -0.719236
570 -0.719923
572 -0.719150
574 -0.719945
576 -0.718075
578 -0.718624
580 -0.718535
582 -0.716875
584 -0.716298
586 -0.718796
588 -0.720618
590 -0.721690
592 -0.721391
594 -0.721726
596 -0.722688
598 -0.720672
600 -0.721290
602 -0.720021
604 -0.719774
606 -0.714533
608 -0.714933
610 -0.714875
612 -0.716194
614 -0.717826
616 -0.716300
618 -0.713967
620 -0.712843
622 -0.714338
624 -0.716469
626 -0.718134
628 -0.716796
630 -0.715489
632 -0.713583
634 -0.712606
636 -0.712057
638 -0.713941
640 -0.711638
642 -0.711238
644 -0.711740
646 -0.713347
648 -0.713664
650 -0.714875
652 -0.714369
654 -0.716196
656 -0.719156
658 -0.718381
660 -0.715537
662 -0.715630
664 -0.718551
666 -0.720977
668 -0.718485
670 -0.719483
672 -0.717053
674 -0.714690
676 -0.716110
678 -0.716537
680 -0.716345
682 -0.714650
684 -0.715132
686 -0.714351
688 -0.711523
690 -0.710539
692 -0.713598
694 -0.714053
696 -0.713861
698 -0.715513
700 -0.716204
702 -0.716218
704 -0.715678
706 -0.714762
708 -0.716226
710 -0.714834
712 -0.716150
714 -0.714330
716 -0.716334
718 -0.717399
720 -0.718100
722 -0.717063
724 -0.717907
726 -0.718278
728 -0.717676
730 -0.716499
732 -0.717806
734 -0.717859
736 -0.715059
738 -0.714585
740 -0.715804
742 -0.713630
744 -0.713106
746 -0.714431
748 -0.714212
750 -0.713802
752 -0.713539
754 -0.712666
756 -0.711459
758 -0.709760
760 -0.709933
762 -0.710290
764 -0.710198
766 -0.710588
768 -0.712240
770 -0.712533
772 -0.713023
774 -0.713734
776 -0.714953
778 -0.714192
780 -0.714806
782 -0.713244
784 -0.712116
786 -0.714820
788 -0.714475
790 -0.715204
792 -0.713170
794 -0.711158
796 -0.712909
798 -0.714696
800 -0.715146
802 -0.714324
804 -0.716587
806 -0.716204
808 -0.717258
810 -0.717282
812 -0.717214
814 -0.718304
816 -0.717437
818 -0.719081
820 -0.718730
822 -0.719238
824 -0.717828
826 -0.718642
828 -0.717549
830 -0.717318
832 -0.718728
834 -0.716254
836 -0.715503
838 -0.714385
840 -0.714236
842 -0.714288
844 -0.713768
846 -0.715083
848 -0.717684
850 -0.717895
852 -0.719680
854 -0.723375
856 -0.724610
858 -0.724320
860 -0.724417
862 -0.725818
864 -0.724178
866 -0.723539
868 -0.724469
870 -0.722654
872 -0.723176
874 -0.725037
876 -0.723907
878 -0.721025
880 -0.721439
882 -0.723585
884 -0.725367
886 -0.725216
888 -0.724575
890 -0.724367
892 -0.724794
894 -0.722591
896 -0.721712
898 -0.723461
900 -0.723893
902 -0.724073
904 -0.720449
906 -0.720081
908 -0.719091
910 -0.720973
912 -0.721834
914 -0.721543
916 -0.721057
918 -0.720314
920 -0.718316
922 -0.713887
924 -0.714393
926 -0.712182
928 -0.714282
930 -0.715431
932 -0.718328
934 -0.718945
936 -0.718535
938 -0.719260
940 -0.720102
942 -0.719877
944 -0.722774
946 -0.723539
948 -0.725332
950 -0.727136
952 -0.723794
954 -0.724296
956 -0.724240
958 -0.725826
960 -0.726989
962 -0.724134
964 -0.722708
966 -0.720581
968 -0.719071
970 -0.720451
972 -0.721505
974 -0.723328
976 -0.723228
978 -0.724148
980 -0.724790
982 -0.724447
984 -0.723467
986 -0.723676
988 -0.724405
990 -0.723754
992 -0.723120
994 -0.726865
996 -0.729387
998 -0.730365
1000 -0.730605
1002 -0.730118
1004 -0.731766
1006 -0.733330
1008 -0.729999
1010 -0.728891
1012 -0.731551
1014 -0.728326
1016 -0.729959
1018 -0.729312
1020 -0.728776
1022 -0.730859
1024 -0.731200
1026 -0.730264
1028 -0.730501
1030 -0.729917
1032 -0.728041
1034 -0.728200
1036 -0.726369
1038 -0.724093
1040 -0.720557
1042 -0.720901
1044 -0.720005
1046 -0.721344
1048 -0.719792
1050 -0.717913
1052 -0.719750
1054 -0.721957
1056 -0.723124
1058 -0.721083
1060 -0.720210
1062 -0.717704
1064 -0.716453
1066 -0.717077
1068 -0.717326
1070 -0.718324
1072 -0.712102
1074 -0.713435
1076 -0.712921
1078 -0.714218
1080 -0.713975
1082 -0.715134
1084 -0.716808
1086 -0.710911
1088 -0.709308
1090 -0.711947
1092 -0.713168
1094 -0.715230
1096 -0.716718
1098 -0.717272
1100 -0.717469
1102 -0.717632
1104 -0.715664
1106 -0.715431
1108 -0.716405
1110 -0.715136
1112 -0.716228
1114 -0.719156
1116 -0.716081
1118 -0.713612
1120 -0.713473
1122 -0.714204
1124 -0.713575
1126 -0.715983
1128 -0.718678
1130 -0.720023
1132 -0.717417
1134 -0.715959
1136 -0.717929
1138 -0.719300
1140 -0.717752
1142 -0.717465
1144 -0.715296
1146 -0.714557
1148 -0.714529
1150 -0.710692
1152 -0.713467
1154 -0.714499
1156 -0.714355
1158 -0.713513
1160 -0.713696
1162 -0.712365
1164 -0.714539
1166 -0.713005
1168 -0.711361
1170 -0.712477
1172 -0.713698
1174 -0.715782
1176 -0.713053
1178 -0.710116
1180 -0.707590
1182 -0.708455
1184 -0.709122
1186 -0.711784
1188 -0.707670
1190 -0.707774
1192 -0.706204
1194 -0.703800
1196 -0.702298
1198 -0.704471
1200 -0.706985
1202 -0.706154
1204 -0.705447
1206 -0.707955
1208 -0.708513
1210 -0.709206
1212 -0.709702
1214 -0.711164
1216 -0.711258
1218 -0.710594
1220 -0.709927
1222 -0.705037
1224 -0.705246
1226 -0.706298
1228 -0.705425
1230 -0.708391
1232 -0.709790
1234 -0.705537
1236 -0.707061
1238 -0.707893
1240 -0.706401
1242 -0.707923
1244 -0.708337
1246 -0.705720
1248 -0.705347
1250 -0.702238
1252 -0.704445
1254 -0.706417
1256 -0.709710
1258 -0.712254
1260 -0.714158
1262 -0.710314
1264 -0.711441
1266 -0.711108
1268 -0.709401
1270 -0.707449
1272 -0.707794
1274 -0.706905
1276 -0.706158
1278 -0.707152
1280 -0.706981
1282 -0.705112
1284 -0.705945
1286 -0.704567
1288 -0.704768
1290 -0.705395
1292 -0.705853
1294 -0.705768
1296 -0.707893
1298 -0.706780
1300 -0.701993
1302 -0.699622
1304 -0.696652
1306 -0.698933
1308 -0.699539
1310 -0.702057
1312 -0.706824
1314 -0.704867
1316 -0.702802
1318 -0.707947
1320 -0.705943
1322 -0.706473
1324 -0.705664
1326 -0.708084
1328 -0.707178
1330 -0.706234
1332 -0.706830
1334 -0.708140
1336 -0.708347
1338 -0.708443
1340 -0.708330
1342 -0.707863
1344 -0.708284
1346 -0.707383
1348 -0.707857
1350 -0.709459
1352 -0.710656
1354 -0.708184
1356 -0.706543
1358 -0.705656
1360 -0.704732
1362 -0.705128
1364 -0.703991
1366 -0.704250
1368 -0.703722
1370 -0.704702
1372 -0.707204
1374 -0.708847
1376 -0.709847
1378 -0.710341
1380 -0.708096
1382 -0.709353
1384 -0.708326
1386 -0.710005
1388 -0.708218
1390 -0.706881
1392 -0.706734
1394 -0.703162
1396 -0.700632
1398 -0.701302
1400 -0.701586
1402 -0.701132
1404 -0.701947
1406 -0.702632
1408 -0.703403
1410 -0.699563
1412 -0.701443
1414 -0.702256
1416 -0.699302
1418 -0.700969
1420 -0.702148
1422 -0.703967
1424 -0.707069
1426 -0.708738
1428 -0.705164
1430 -0.708212
1432 -0.709951
1434 -0.708527
1436 -0.709901
1438 -0.711551
1440 -0.710636
1442 -0.710969
1444 -0.710226
1446 -0.710088
1448 -0.709616
1450 -0.710539
1452 -0.710754
1454 -0.709594
1456 -0.709457
1458 -0.710417
1460 -0.711166
1462 -0.707437
1464 -0.708545
1466 -0.711983
1468 -0.712393
1470 -0.710234
1472 -0.707579
1474 -0.703594
1476 -0.701790
1478 -0.703041
1480 -0.705849
1482 -0.706308
1484 -0.706491
1486 -0.706246
1488 -0.704684
1490 -0.704501
1492 -0.703367
1494 -0.704367
1496 -0.705961
1498 -0.705415
1500 -0.705688
1502 -0.703266
1504 -0.703826
1506 -0.699784
1508 -0.701290
1510 -0.703706
1512 -0.700206
1514 -0.700320
1516 -0.700086
1518 -0.700172
1520 -0.699690
1522 -0.700397
1524 -0.702194
1526 -0.700965
1528 -0.701212
1530 -0.698011
1532 -0.696302
1534 -0.698401
1536 -0.699539
1538 -0.699993
1540 -0.702724
1542 -0.703019
1544 -0.705664
1546 -0.704822
1548 -0.704290
1550 -0.706423
1552 -0.708453
1554 -0.708714
1556 -0.706875
1558 -0.706248
1560 -0.706359
1562 -0.704814
1564 -0.707322
1566 -0.708375
1568 -0.708698
1570 -0.707469
1572 -0.708971
1574 -0.707553
1576 -0.706726
1578 -0.705921
1580 -0.707188
1582 -0.707174
1584 -0.709248
1586 -0.707190
1588 -0.708692
1590 -0.710772
1592 -0.712363
1594 -0.713505
1596 -0.713642
1598 -0.713216
1600 -0.712009
1602 -0.710728
1604 -0.708877
1606 -0.709824
1608 -0.710849
1610 -0.711397
1612 -0.714096
1614 -0.716029
1616 -0.714304
1618 -0.712188
1620 -0.713784
1622 -0.711425
1624 -0.708830
1626 -0.708569
1628 -0.710445
1630 -0.711029
1632 -0.711714
1634 -0.710343
1636 -0.710029
1638 -0.710232
1640 -0.710284
1642 -0.710662
1644 -0.709742
1646 -0.711887
1648 -0.710957
1650 -0.712218
1652 -0.714563
1654 -0.711959
1656 -0.711889
1658 -0.710061
1660 -0.713549
1662 -0.713451
1664 -0.712304
1666 -0.711806
1668 -0.710399
1670 -0.712359
1672 -0.712405
1674 -0.711672
1676 -0.714021
1678 -0.715523
1680 -0.715543
1682 -0.717152
1684 -0.717057
1686 -0.716483
1688 -0.715389
1690 -0.718489
1692 -0.718379
1694 -0.713949
1696 -0.711933
1698 -0.712798
1700 -0.712443
1702 -0.712929
1704 -0.713222
1706 -0.712041
1708 -0.713828
1710 -0.712674
1712 -0.713019
1714 -0.713300
1716 -0.713451
1718 -0.713475
1720 -0.715150
1722 -0.713222
1724 -0.713961
1726 -0.712624
1728 -0.711174
1730 -0.710481
1732 -0.712214
1734 -0.715270
1736 -0.717224
1738 -0.718760
1740 -0.720849
1742 -0.719210
1744 -0.721138
1746 -0.721306
1748 -0.720449
1750 -0.718280
1752 -0.719338
1754 -0.719013
1756 -0.717553
1758 -0.717638
1760 -0.718403
1762 -0.719644
1764 -0.717889
1766 -0.718853
1768 -0.716419
1770 -0.715507
1772 -0.713698
1774 -0.715268
1776 -0.716780
1778 -0.719242
1780 -0.719915
1782 -0.719499
1784 -0.719027
1786 -0.717437
1788 -0.716792
1790 -0.719581
1792 -0.719794
1794 -0.719716
1796 -0.717152
1798 -0.719230
1800 -0.723543
1802 -0.722322
1804 -0.723357
1806 -0.721477
1808 -0.718931
1810 -0.718700
1812 -0.719451
1814 -0.721501
1816 -0.721278
1818 -0.722009
1820 -0.725776
1822 -0.725467
1824 -0.720304
1826 -0.719658
1828 -0.718521
1830 -0.718136
1832 -0.721646
1834 -0.723887
1836 -0.723571
1838 -0.722413
1840 -0.723600
1842 -0.723969
1844 -0.727722
1846 -0.728061
1848 -0.724740
1850 -0.720939
1852 -0.720365
1854 -0.720264
1856 -0.720873
1858 -0.721065
1860 -0.719768
1862 -0.716391
1864 -0.715732
1866 -0.713001
1868 -0.712612
1870 -0.711985
1872 -0.712666
1874 -0.712758
1876 -0.710557
1878 -0.712485
1880 -0.712431
1882 -0.714238
1884 -0.715371
1886 -0.714324
1888 -0.715525
1890 -0.714652
1892 -0.713712
1894 -0.714202
1896 -0.714977
1898 -0.711485
1900 -0.709230
1902 -0.711069
1904 -0.711660
1906 -0.711949
1908 -0.708786
1910 -0.707399
1912 -0.703744
1914 -0.703527
1916 -0.706003
1918 -0.708756
1920 -0.709451
1922 -0.708919
1924 -0.708742
1926 -0.709830
1928 -0.709029
1930 -0.710144
1932 -0.711453
1934 -0.712300
1936 -0.711859
1938 -0.711373
1940 -0.711264
1942 -0.709865
1944 -0.707200
1946 -0.707212
1948 -0.708156
1950 -0.709822
1952 -0.710646
1954 -0.710359
1956 -0.712857
1958 -0.713983
1960 -0.714461
1962 -0.713873
1964 -0.714604
1966 -0.715748
1968 -0.716732
1970 -0.715529
1972 -0.712479
1974 -0.712654
1976 -0.716065
1978 -0.716698
1980 -0.716441
1982 -0.715796
1984 -0.719768
1986 -0.722104
1988 -0.722746
1990 -0.720210
1992 -0.720365
1994 -0.717648
1996 -0.720939
1998 -0.721700
2000 -0.718047
2002 -0.717784
2004 -0.717055
2006 -0.715262
2008 -0.714592
2010 -0.719875
2012 -0.716973
2014 -0.715796
2016 -0.714094
2018 -0.712280
2020 -0.711320
2022 -0.711581
2024 -0.711172
2026 -0.713092
2028 -0.714549
2030 -0.714150
2032 -0.715075
2034 -0.714224
2036 -0.712391
2038 -0.709397
2040 -0.712071
2042 -0.711814
2044 -0.710493
2046 -0.711624
2048 -0.713258
2050 -0.713071
2052 -0.711232
2054 -0.713776
2056 -0.712240
2058 -0.713266
2060 -0.710403
2062 -0.710371
2064 -0.707748
2066 -0.707447
2068 -0.706345
2070 -0.705855
2072 -0.706232
2074 -0.706881
2076 -0.706477
2078 -0.706612
2080 -0.705487
2082 -0.707626
2084 -0.708497
2086 -0.709826
2088 -0.713098
2090 -0.715083
2092 -0.714855
2094 -0.715011
2096 -0.713716
2098 -0.715427
2100 -0.714987
2102 -0.716600
2104 -0.717184
2106 -0.714459
2108 -0.714057
2110 -0.714933
2112 -0.716551
2114 -0.718921
2116 -0.718539
2118 -0.716282
2120 -0.715260
2122 -0.711820
2124 -0.713435
2126 -0.712441
2128 -0.712312
2130 -0.712762
2132 -0.713110
2134 -0.714535
2136 -0.714174
2138 -0.713087
2140 -0.713260
2142 -0.713365
2144 -0.713363
2146 -0.712411
2148 -0.713304
2150 -0.712017
2152 -0.714102
2154 -0.714662
2156 -0.713405
2158 -0.712750
2160 -0.711935
2162 -0.713363
2164 -0.716391
2166 -0.719238
2168 -0.719820
2170 -0.718995
2172 -0.715047
2174 -0.717272
2176 -0.716194
2178 -0.713760
2180 -0.711457
2182 -0.713863
2184 -0.714589
2186 -0.710551
2188 -0.707433
2190 -0.707172
2192 -0.708337
2194 -0.708401
2196 -0.709310
2198 -0.711523
2200 -0.711447
2202 -0.713164
2204 -0.713622
2206 -0.711128
2208 -0.712469
2210 -0.711533
2212 -0.712722
2214 -0.712160
2216 -0.715262
2218 -0.714164
2220 -0.714788
2222 -0.713182
2224 -0.714355
2226 -0.715302
2228 -0.715501
2230 -0.713286
2232 -0.711668
2234 -0.712720
2236 -0.709427
2238 -0.706238
2240 -0.705487
2242 -0.706947
2244 -0.707316
2246 -0.705090
2248 -0.705136
2250 -0.705276
2252 -0.706678
2254 -0.706712
2256 -0.704979
2258 -0.705666
2260 -0.705306
2262 -0.703569
2264 -0.703533
2266 -0.708371
2268 -0.709857
2270 -0.711588
2272 -0.712055
2274 -0.709794
2276 -0.709744
2278 -0.712005
2280 -0.711294
2282 -0.712832
2284 -0.711049
2286 -0.705738
2288 -0.703596
2290 -0.704600
2292 -0.706059
2294 -0.706041
2296 -0.706682
2298 -0.707999
2300 -0.707393
2302 -0.706140
2304 -0.707507
2306 -0.707337
2308 -0.706901
2310 -0.707798
2312 -0.706993
2314 -0.706887
2316 -0.708869
2318 -0.710198
2320 -0.711696
2322 -0.710997
2324 -0.709736
2326 -0.709252
2328 -0.707073
2330 -0.707477
2332 -0.708991
2334 -0.706519
2336 -0.707726
2338 -0.709961
2340 -0.707057
2342 -0.708061
2344 -0.709610
2346 -0.710371
2348 -0.713399
2350 -0.713459
2352 -0.713812
2354 -0.711923
2356 -0.710463
2358 -0.709728
2360 -0.710272
2362 -0.712973
2364 -0.714037
2366 -0.713770
2368 -0.712037
2370 -0.711740
2372 -0.710525
2374 -0.708899
2376 -0.708541
2378 -0.707808
2380 -0.706112
2382 -0.706708
2384 -0.706023
2386 -0.708493
2388 -0.708851
2390 -0.709304
2392 -0.710837
2394 -0.710885
2396 -0.709971
2398 -0.707521
2400 -0.709680
2402 -0.711343
2404 -0.711286
2406 -0.712156
2408 -0.712899
2410 -0.712788
2412 -0.710100
2414 -0.707766
2416 -0.708308
2418 -0.707114
2420 -0.705722
2422 -0.706955
2424 -0.706306
2426 -0.703648
2428 -0.705491
2430 -0.706642
2432 -0.707588
2434 -0.706708
2436 -0.708746
2438 -0.708228
2440 -0.707768
2442 -0.707445
2444 -0.705586
2446 -0.703612
2448 -0.700521
2450 -0.698092
2452 -0.697732
2454 -0.693431
2456 -0.694708
2458 -0.696945
2460 -0.698224
2462 -0.698636
2464 -0.700539
2466 -0.701485
2468 -0.701451
2470 -0.698794
2472 -0.699895
2474 -0.699180
2476 -0.697353
2478 -0.695772
2480 -0.696381
2482 -0.696831
2484 -0.697610
2486 -0.699618
2488 -0.701256
2490 -0.701009
2492 -0.699092
2494 -0.696258
2496 -0.697061
2498 -0.696845
# end simulation 1
# average for simulation 1: -0.715239 +- 0.011951 
# average of all simulations: -0.715239 +- 0.000000
# overall average: -0.715239 +- 0.011951
