# cpu1
# parameters:
# linear_size: 200
# temperature: 2.000000
#temp_start: 0.000000
# coupling: 1.000000
# repetitions: 1
# simulation_t_max: 5000
# thermalization_time: 0
# time_between_measurements: 2
# base_random_seed: 1000
# extra:
# area: 40000
# active_spins_excluding_boundaries:39204
# columns: MC time -- magnetization
# simulation 1
#    waiting thermalization for the first 0 sim steps
#    end thermalization
0 0.008469
2 0.023518
4 0.039384
6 0.072595
8 0.086981
10 0.089226
12 0.076880
14 0.085757
16 0.090093
18 0.090501
20 0.088460
22 0.077033
24 0.093358
26 0.103306
28 0.102643
30 0.095807
32 0.095705
34 0.098510
36 0.094837
38 0.096623
40 0.095654
42 0.100653
44 0.106265
46 0.113968
48 0.122232
50 0.129375
52 0.134680
54 0.128864
56 0.125293
58 0.138251
60 0.152484
62 0.156668
64 0.160239
66 0.179982
68 0.181563
70 0.182277
72 0.195490
74 0.196919
76 0.198245
78 0.200541
80 0.205132
82 0.207683
84 0.212529
86 0.203653
88 0.208193
90 0.210030
92 0.206305
94 0.208958
96 0.205591
98 0.205948
100 0.208295
102 0.203194
104 0.200031
106 0.194266
108 0.190338
110 0.197684
112 0.197939
114 0.195490
116 0.192480
118 0.190899
120 0.194623
122 0.202887
124 0.205642
126 0.197480
128 0.185083
130 0.202224
132 0.208193
134 0.213805
136 0.210642
138 0.206356
140 0.204418
142 0.201306
144 0.196153
146 0.188450
148 0.204010
150 0.204163
152 0.209468
154 0.217121
156 0.223345
158 0.214723
160 0.210540
162 0.205948
164 0.203449
166 0.197582
168 0.202887
170 0.203041
172 0.208091
174 0.206816
176 0.203449
178 0.196409
180 0.204214
182 0.218039
184 0.223498
186 0.237170
188 0.245791
190 0.242118
192 0.238190
194 0.240078
196 0.234313
198 0.230028
200 0.234313
202 0.231252
204 0.238394
206 0.238547
208 0.226967
210 0.221916
212 0.223140
214 0.227069
216 0.214213
218 0.209468
220 0.210795
222 0.212886
224 0.212274
226 0.210285
228 0.214009
230 0.218498
232 0.212427
234 0.203500
236 0.209060
238 0.204469
240 0.205489
242 0.193552
244 0.189215
246 0.194215
248 0.190593
250 0.190185
252 0.185032
254 0.193297
256 0.186971
258 0.186103
260 0.182787
262 0.183910
264 0.181053
266 0.184777
268 0.184777
270 0.181359
272 0.173299
274 0.183859
276 0.181155
278 0.174727
280 0.187124
282 0.192991
284 0.198806
286 0.194776
288 0.182685
290 0.193603
292 0.198551
294 0.203551
296 0.205336
298 0.203092
300 0.201051
302 0.196562
304 0.201204
306 0.199010
308 0.191001
310 0.185287
312 0.178145
314 0.177482
316 0.173605
318 0.184930
320 0.176564
322 0.174472
324 0.184165
326 0.181461
328 0.183910
330 0.181767
332 0.186205
334 0.187583
336 0.194215
338 0.197633
340 0.195592
342 0.190542
344 0.191562
346 0.195643
348 0.199112
350 0.202377
352 0.201153
354 0.198551
356 0.207377
358 0.202887
360 0.198551
362 0.196460
364 0.204214
366 0.202020
368 0.200082
370 0.198347
372 0.198398
374 0.184063
376 0.184012
378 0.179063
380 0.173707
382 0.179727
384 0.183808
386 0.181614
388 0.175951
390 0.170238
392 0.167075
394 0.182430
396 0.184012
398 0.184420
400 0.187277
402 0.186971
404 0.176360
406 0.182685
408 0.179778
410 0.173911
412 0.165748
414 0.164524
416 0.156158
418 0.163912
420 0.169728
422 0.172686
424 0.172023
426 0.179216
428 0.175951
430 0.176972
432 0.182787
434 0.178094
436 0.171870
438 0.172584
440 0.172737
442 0.171105
444 0.170901
446 0.179165
448 0.171207
450 0.171054
452 0.163912
454 0.169830
456 0.173044
458 0.174370
460 0.173554
462 0.180237
464 0.182328
466 0.182685
468 0.181869
470 0.179267
472 0.174778
474 0.179369
476 0.171666
478 0.167891
480 0.163912
482 0.161157
484 0.155239
486 0.156974
488 0.155902
490 0.161973
492 0.147485
494 0.151515
496 0.145087
498 0.146210
500 0.140598
502 0.138098
504 0.134323
506 0.123508
508 0.130497
510 0.138251
512 0.137945
514 0.129324
516 0.131619
518 0.140496
520 0.148760
522 0.143098
524 0.143761
526 0.148301
528 0.144628
530 0.148505
532 0.149424
534 0.146108
536 0.147485
538 0.143863
540 0.147587
542 0.143608
544 0.144373
546 0.148811
548 0.151566
550 0.148148
552 0.147332
554 0.153097
556 0.166105
558 0.163300
560 0.163606
562 0.175135
564 0.179471
566 0.185491
568 0.186665
570 0.184471
572 0.184828
574 0.188552
576 0.189930
578 0.180237
580 0.184879
582 0.185236
584 0.192939
586 0.195541
588 0.193042
590 0.184318
592 0.178451
594 0.176768
596 0.187277
598 0.190440
600 0.190797
602 0.183298
604 0.178757
606 0.177839
608 0.167228
610 0.171666
612 0.166922
614 0.169319
616 0.166820
618 0.164218
620 0.154168
622 0.152637
624 0.152535
626 0.145342
628 0.145954
630 0.143455
632 0.139016
634 0.132333
636 0.133048
638 0.126773
640 0.131517
642 0.130038
644 0.138863
646 0.141363
648 0.142741
650 0.149015
652 0.158504
654 0.154678
656 0.147026
658 0.140853
660 0.143812
662 0.134476
664 0.134323
666 0.136415
668 0.138863
670 0.140955
672 0.131313
674 0.128660
676 0.124375
678 0.130191
680 0.130548
682 0.128609
684 0.139476
686 0.149373
688 0.141108
690 0.136415
692 0.132078
694 0.137027
696 0.132742
698 0.133201
700 0.144832
702 0.142281
704 0.142281
706 0.155086
708 0.159780
710 0.162228
712 0.152484
714 0.150699
716 0.151158
718 0.159678
720 0.166105
722 0.174574
724 0.172686
726 0.176564
728 0.175186
730 0.174472
732 0.181053
734 0.175492
736 0.173758
738 0.174166
740 0.181614
742 0.172176
744 0.168197
746 0.167738
748 0.181002
750 0.185848
752 0.175135
754 0.169217
756 0.173095
758 0.180543
760 0.182941
762 0.177278
764 0.171972
766 0.176104
768 0.177890
770 0.169677
772 0.173962
774 0.172788
776 0.176819
778 0.177023
780 0.173044
782 0.173299
784 0.172993
786 0.179982
788 0.178910
790 0.176258
792 0.181614
794 0.169932
796 0.179471
798 0.165646
800 0.154627
802 0.151872
804 0.145393
806 0.157586
808 0.162126
810 0.167534
812 0.172176
814 0.171054
816 0.166718
818 0.174574
820 0.164473
822 0.163861
824 0.159627
826 0.162024
828 0.161412
830 0.156770
832 0.158963
834 0.162790
836 0.168707
838 0.169626
840 0.170289
842 0.169728
844 0.158606
846 0.163963
848 0.169983
850 0.168299
852 0.167279
854 0.167024
856 0.176462
858 0.164014
860 0.166616
862 0.170187
864 0.171717
866 0.177074
868 0.183502
870 0.183859
872 0.186001
874 0.184879
876 0.181461
878 0.187226
880 0.178196
882 0.175645
884 0.175951
886 0.176360
888 0.177992
890 0.175084
892 0.171105
894 0.172074
896 0.175135
898 0.166718
900 0.163861
902 0.177890
904 0.169677
906 0.165544
908 0.162483
910 0.165646
912 0.169268
914 0.161106
916 0.158504
918 0.162943
920 0.167840
922 0.169524
924 0.169830
926 0.172891
928 0.181512
930 0.174727
932 0.180084
934 0.177278
936 0.174064
938 0.184318
940 0.183094
942 0.183553
944 0.176258
946 0.179267
948 0.189828
950 0.178094
952 0.172278
954 0.168350
956 0.167279
958 0.175696
960 0.168146
962 0.170544
964 0.174370
966 0.161157
968 0.158912
970 0.154423
972 0.158555
974 0.166565
976 0.163555
978 0.149526
980 0.159678
982 0.153403
984 0.141567
986 0.151107
988 0.156872
990 0.150138
992 0.152586
994 0.145852
996 0.142434
998 0.145903
1000 0.141975
1002 0.137180
1004 0.145495
1006 0.130905
1008 0.136466
1010 0.141822
1012 0.135190
1014 0.144883
1016 0.137639
1018 0.141108
1020 0.148607
1022 0.148097
1024 0.144016
1026 0.147689
1028 0.144730
1030 0.143659
1032 0.151617
1034 0.154474
1036 0.152893
1038 0.160392
1040 0.161820
1042 0.159831
1044 0.161973
1046 0.169779
1048 0.161820
1050 0.169677
1052 0.165952
1054 0.167942
1056 0.165646
1058 0.161514
1060 0.153607
1062 0.159269
1064 0.163657
1066 0.171615
1068 0.172686
1070 0.168095
1072 0.163096
1074 0.160188
1076 0.158198
1078 0.151668
1080 0.154321
1082 0.163708
1084 0.159729
1086 0.145750
1088 0.147638
1090 0.145495
1092 0.143200
1094 0.139782
1096 0.137945
1098 0.133252
1100 0.137129
1102 0.143047
1104 0.147740
1106 0.138404
1108 0.139476
1110 0.141669
1112 0.140139
1114 0.137639
1116 0.137180
1118 0.140598
1120 0.147281
1122 0.152331
1124 0.154270
1126 0.152740
1128 0.150393
1130 0.142128
1132 0.142128
1134 0.144220
1136 0.147332
1138 0.142485
1140 0.142281
1142 0.138965
1144 0.140241
1146 0.133558
1148 0.142434
1150 0.136211
1152 0.144628
1154 0.137486
1156 0.142894
1158 0.142996
1160 0.147332
1162 0.148505
1164 0.157943
1166 0.166412
1168 0.166565
1170 0.164014
1172 0.166157
1174 0.167534
1176 0.165493
1178 0.167738
1180 0.162126
1182 0.167279
1184 0.173044
1186 0.163453
1188 0.156566
1190 0.154015
1192 0.155239
1194 0.150444
1196 0.150189
1198 0.152893
1200 0.153301
1202 0.155035
1204 0.153658
1206 0.160698
1208 0.154627
1210 0.158912
1212 0.167279
1214 0.169983
1216 0.164473
1218 0.164677
1220 0.155188
1222 0.159423
1224 0.157637
1226 0.149883
1228 0.155953
1230 0.151209
1232 0.155137
1234 0.153250
1236 0.156056
1238 0.146618
1240 0.153250
1242 0.142945
1244 0.142026
1246 0.146720
1248 0.146618
1250 0.140037
1252 0.136109
1254 0.149679
1256 0.147230
1258 0.143506
1260 0.153403
1262 0.150138
1264 0.148046
1266 0.141363
1268 0.139220
1270 0.135190
1272 0.138557
1274 0.157025
1276 0.158912
1278 0.165799
1280 0.168809
1282 0.161718
1284 0.156107
1286 0.145648
1288 0.142843
1290 0.139323
1292 0.139067
1294 0.138608
1296 0.128099
1298 0.128405
1300 0.134170
1302 0.135956
1304 0.146057
1306 0.151056
1308 0.163453
1310 0.164728
1312 0.161922
1314 0.167330
1316 0.164932
1318 0.167789
1320 0.172380
1322 0.176513
1324 0.179267
1326 0.168809
1328 0.165799
1330 0.168911
1332 0.168095
1334 0.172840
1336 0.167738
1338 0.158147
1340 0.150903
1342 0.148148
1344 0.155290
1346 0.158249
1348 0.160290
1350 0.151566
1352 0.154372
1354 0.161769
1356 0.164014
1358 0.166718
1360 0.160800
1362 0.152842
1364 0.156923
1366 0.152586
1368 0.154372
1370 0.149117
1372 0.140139
1374 0.138710
1376 0.142741
1378 0.140496
1380 0.142332
1382 0.140802
1384 0.134833
1386 0.132895
1388 0.129222
1390 0.138710
1392 0.133201
1394 0.132640
1396 0.124222
1398 0.131109
1400 0.131517
1402 0.125803
1404 0.121059
1406 0.123457
1408 0.114172
1410 0.104581
1412 0.106877
1414 0.101571
1416 0.100806
1418 0.100398
1420 0.096776
1422 0.101469
1424 0.093052
1426 0.078257
1428 0.069585
1430 0.067799
1432 0.067544
1434 0.065095
1436 0.072391
1438 0.071319
1440 0.066983
1442 0.073819
1444 0.077696
1446 0.080655
1448 0.080196
1450 0.072544
1452 0.072646
1454 0.083716
1456 0.078870
1458 0.072084
1460 0.065912
1462 0.071115
1464 0.068105
1466 0.064687
1468 0.068768
1470 0.068564
1472 0.067034
1474 0.062851
1476 0.067799
1478 0.065861
1480 0.063565
1482 0.062596
1484 0.074176
1486 0.073411
1488 0.072442
1490 0.074737
1492 0.080757
1494 0.084175
1496 0.086063
1498 0.086318
1500 0.103612
1502 0.095654
1504 0.093715
1506 0.092950
1508 0.088766
1510 0.097796
1512 0.104479
1514 0.103000
1516 0.100041
1518 0.106163
1520 0.100602
1522 0.099327
1524 0.097439
1526 0.110499
1528 0.110805
1530 0.119733
1532 0.121671
1534 0.119427
1536 0.108560
1538 0.101928
1540 0.097388
1542 0.098765
1544 0.092338
1546 0.091113
1548 0.090348
1550 0.081267
1552 0.089736
1554 0.082951
1556 0.077390
1558 0.075400
1560 0.080808
1562 0.085706
1564 0.086777
1566 0.085859
1568 0.082288
1570 0.072901
1572 0.073819
1574 0.076115
1576 0.073156
1578 0.064432
1580 0.067442
1582 0.064687
1584 0.059790
1586 0.065759
1588 0.067493
1590 0.065504
1592 0.062239
1594 0.071319
1596 0.073819
1598 0.078870
1600 0.076727
1602 0.073258
1604 0.073054
1606 0.080757
1608 0.083665
1610 0.092899
1612 0.094480
1614 0.080298
1616 0.078257
1618 0.077288
1620 0.070299
1622 0.070452
1624 0.076676
1626 0.068768
1628 0.056576
1630 0.064432
1632 0.063259
1634 0.055964
1636 0.049179
1638 0.055556
1640 0.052036
1642 0.053719
1644 0.052393
1646 0.044434
1648 0.032854
1650 0.034027
1652 0.044434
1654 0.036017
1656 0.035813
1658 0.045965
1660 0.053209
1662 0.060759
1664 0.063820
1666 0.066167
1668 0.066677
1670 0.067595
1672 0.066014
1674 0.058514
1676 0.054025
1678 0.052444
1680 0.052291
1682 0.048822
1684 0.043567
1686 0.040098
1688 0.038516
1690 0.039792
1692 0.037853
1694 0.035813
1696 0.046322
1698 0.056984
1700 0.067901
1702 0.076217
1704 0.076013
1706 0.073615
1708 0.069993
1710 0.062290
1712 0.058259
1714 0.064636
1716 0.066320
1718 0.054484
1720 0.060300
1722 0.063565
1724 0.062290
1726 0.062851
1728 0.060504
1730 0.065197
1732 0.064891
1734 0.057188
1736 0.054841
1738 0.049434
1740 0.044536
1742 0.044281
1744 0.039282
1746 0.046679
1748 0.050454
1750 0.057545
1752 0.057902
1754 0.063514
1756 0.054382
1758 0.054229
1760 0.050964
1762 0.042853
1764 0.043210
1766 0.044842
1768 0.035966
1770 0.030864
1772 0.033517
1774 0.030762
1776 0.036170
1778 0.039486
1780 0.036068
1782 0.035660
1784 0.033619
1786 0.035609
1788 0.038006
1790 0.025916
1792 0.022600
1794 0.030456
1796 0.023263
1798 0.020202
1800 0.018416
1802 0.025202
1804 0.022651
1806 0.031527
1808 0.022447
1810 0.019947
1812 0.019080
1814 0.014692
1816 0.010356
1818 0.012142
1820 0.016580
1822 0.010356
1824 0.005561
1826 0.012856
1828 0.012601
1830 0.014743
1832 0.023620
1834 0.012142
1836 0.005357
1838 0.007346
1840 0.006989
1842 0.006938
1844 0.010815
1846 0.013876
1848 0.005816
1850 0.000459
1852 -0.005357
1854 -0.015407
1856 -0.009948
1858 -0.006377
1860 -0.007856
1862 -0.010203
1864 -0.011325
1866 -0.014896
1868 -0.017855
1870 -0.013009
1872 -0.020610
1874 -0.022396
1876 -0.021273
1878 -0.016784
1880 -0.011887
1882 -0.003622
1884 -0.005969
1886 -0.010203
1888 -0.013264
1890 -0.014692
1892 -0.011376
1894 -0.010509
1896 -0.010611
1898 -0.004489
1900 -0.016478
1902 -0.012040
1904 -0.015866
1906 -0.018314
1908 -0.024691
1910 -0.030354
1912 -0.033976
1914 -0.034537
1916 -0.036731
1918 -0.031578
1920 -0.033670
1922 -0.036323
1924 -0.037802
1926 -0.040047
1928 -0.041628
1930 -0.037751
1932 -0.039537
1934 -0.044179
1936 -0.042445
1938 -0.042394
1940 -0.050250
1942 -0.041934
1944 -0.048413
1946 -0.039537
1948 -0.035252
1950 -0.040047
1952 -0.046781
1954 -0.034333
1956 -0.036782
1958 -0.047801
1960 -0.049332
1962 -0.052138
1964 -0.044026
1966 -0.037751
1968 -0.044230
1970 -0.051780
1972 -0.051321
1974 -0.038976
1976 -0.031017
1978 -0.026222
1980 -0.027905
1982 -0.033772
1984 -0.042700
1986 -0.034843
1988 -0.031272
1990 -0.033670
1992 -0.031629
1994 -0.036374
1996 -0.040965
1998 -0.045097
2000 -0.042598
2002 -0.041322
2004 -0.048107
2006 -0.046985
2008 -0.045506
2010 -0.039537
2012 -0.043924
2014 -0.037088
2016 -0.045863
2018 -0.046373
2020 -0.043465
2022 -0.041271
2024 -0.031272
2026 -0.031425
2028 -0.037496
2030 -0.043822
2032 -0.047954
2034 -0.036425
2036 -0.047342
2038 -0.054586
2040 -0.054280
2042 -0.043822
2044 -0.047240
2046 -0.048924
2048 -0.048822
2050 -0.048005
2052 -0.049638
2054 -0.050862
2056 -0.055249
2058 -0.054688
2060 -0.059637
2062 -0.062749
2064 -0.055198
2066 -0.060351
2068 -0.059943
2070 -0.056729
2072 -0.062443
2074 -0.067391
2076 -0.061320
2078 -0.060198
2080 -0.061167
2082 -0.048005
2084 -0.054382
2086 -0.062749
2088 -0.065044
2090 -0.054484
2092 -0.045097
2094 -0.050658
2096 -0.059127
2098 -0.060300
2100 -0.056729
2102 -0.056066
2104 -0.062034
2106 -0.062902
2108 -0.073258
2110 -0.070452
2112 -0.074737
2114 -0.080910
2116 -0.081573
2118 -0.080808
2120 -0.078818
2122 -0.083410
2124 -0.087644
2126 -0.091776
2128 -0.097694
2130 -0.103663
2132 -0.104326
2134 -0.113305
2136 -0.116111
2138 -0.108917
2140 -0.110346
2142 -0.098357
2144 -0.098000
2146 -0.104683
2148 -0.113662
2150 -0.108254
2152 -0.114070
2154 -0.115549
2156 -0.107081
2158 -0.105499
2160 -0.117080
2162 -0.114784
2164 -0.121518
2166 -0.118610
2168 -0.122181
2170 -0.115856
2172 -0.110703
2174 -0.107999
2176 -0.125140
2178 -0.122334
2180 -0.119631
2182 -0.114886
2184 -0.115907
2186 -0.114274
2188 -0.110958
2190 -0.112489
2192 -0.112795
2194 -0.107030
2196 -0.119069
2198 -0.132640
2200 -0.138098
2202 -0.138812
2204 -0.129119
2206 -0.130089
2208 -0.136772
2210 -0.133609
2212 -0.126110
2214 -0.118916
2216 -0.134425
2218 -0.136313
2220 -0.137129
2222 -0.144781
2224 -0.140394
2226 -0.142077
2228 -0.140139
2230 -0.141924
2232 -0.143914
2234 -0.141567
2236 -0.134425
2238 -0.147332
2240 -0.155188
2242 -0.147230
2244 -0.154372
2246 -0.156464
2248 -0.151158
2250 -0.153046
2252 -0.149628
2254 -0.149015
2256 -0.149270
2258 -0.154882
2260 -0.150087
2262 -0.161820
2264 -0.164932
2266 -0.164065
2268 -0.155749
2270 -0.163198
2272 -0.155392
2274 -0.161361
2276 -0.157790
2278 -0.172125
2280 -0.173962
2282 -0.164830
2284 -0.164728
2286 -0.165289
2288 -0.170289
2290 -0.169932
2292 -0.168248
2294 -0.172584
2296 -0.166667
2298 -0.161106
2300 -0.158198
2302 -0.159525
2304 -0.159320
2306 -0.152331
2308 -0.153556
2310 -0.152944
2312 -0.166463
2314 -0.172380
2316 -0.170238
2318 -0.173809
2320 -0.172686
2322 -0.179880
2324 -0.184624
2326 -0.180441
2328 -0.192072
2330 -0.192429
2332 -0.188348
2334 -0.196358
2336 -0.197888
2338 -0.193909
2340 -0.192072
2342 -0.191868
2344 -0.187685
2346 -0.183400
2348 -0.186001
2350 -0.184522
2352 -0.183094
2354 -0.182379
2356 -0.183400
2358 -0.184216
2360 -0.183655
2362 -0.179114
2364 -0.176615
2366 -0.171768
2368 -0.165238
2370 -0.169881
2372 -0.172635
2374 -0.171870
2376 -0.174064
2378 -0.180288
2380 -0.181869
2382 -0.183757
2384 -0.179880
2386 -0.171513
2388 -0.161769
2390 -0.168248
2392 -0.158351
2394 -0.161463
2396 -0.163300
2398 -0.166514
2400 -0.168299
2402 -0.177329
2404 -0.172737
2406 -0.174676
2408 -0.171564
2410 -0.178145
2412 -0.180696
2414 -0.182073
2416 -0.179829
2418 -0.174115
2420 -0.168605
2422 -0.176615
2424 -0.172431
2426 -0.179012
2428 -0.177686
2430 -0.184114
2432 -0.176258
2434 -0.165493
2436 -0.173656
2438 -0.170442
2440 -0.183247
2442 -0.182838
2444 -0.181818
2446 -0.182787
2448 -0.187991
2450 -0.181869
2452 -0.182124
2454 -0.178247
2456 -0.179420
2458 -0.178706
2460 -0.174319
2462 -0.176666
2464 -0.168146
2466 -0.172227
2468 -0.180645
2470 -0.185746
2472 -0.190440
2474 -0.194011
2476 -0.197123
2478 -0.205489
2480 -0.191409
2482 -0.189521
2484 -0.196051
2486 -0.200490
2488 -0.204010
2490 -0.210183
2492 -0.205030
2494 -0.202530
2496 -0.198041
2498 -0.199112
2500 -0.193756
2502 -0.189368
2504 -0.184216
2506 -0.183502
2508 -0.193909
2510 -0.198092
2512 -0.198092
2514 -0.199929
2516 -0.199316
2518 -0.202020
2520 -0.206408
2522 -0.211560
2524 -0.206254
2526 -0.196460
2528 -0.202989
2530 -0.201459
2532 -0.202581
2534 -0.206152
2536 -0.206969
2538 -0.204571
2540 -0.201612
2542 -0.209213
2544 -0.203143
2546 -0.202173
2548 -0.198755
2550 -0.201408
2552 -0.205183
2554 -0.215845
2556 -0.211356
2558 -0.207734
2560 -0.201663
2562 -0.196153
2564 -0.195388
2566 -0.206612
2568 -0.211764
2570 -0.215590
2572 -0.209621
2574 -0.213550
2576 -0.218702
2578 -0.223702
2580 -0.221712
2582 -0.224467
2584 -0.224722
2586 -0.223855
2588 -0.225742
2590 -0.219773
2592 -0.226967
2594 -0.229415
2596 -0.217784
2598 -0.221304
2600 -0.222069
2602 -0.229568
2604 -0.232170
2606 -0.237884
2608 -0.241149
2610 -0.242373
2612 -0.228497
2614 -0.227885
2616 -0.227834
2618 -0.228446
2620 -0.227120
2622 -0.226610
2624 -0.225997
2626 -0.219569
2628 -0.219416
2630 -0.227069
2632 -0.231558
2634 -0.230130
2636 -0.237119
2638 -0.233190
2640 -0.223753
2642 -0.224059
2644 -0.229517
2646 -0.214264
2648 -0.216866
2650 -0.223906
2652 -0.226456
2654 -0.218498
2656 -0.220437
2658 -0.223702
2660 -0.228956
2662 -0.233395
2664 -0.228497
2666 -0.236813
2668 -0.223753
2670 -0.214774
2672 -0.224773
2674 -0.228803
2676 -0.233701
2678 -0.229619
2680 -0.224926
2682 -0.231405
2684 -0.233446
2686 -0.231099
2688 -0.231558
2690 -0.232425
2692 -0.232374
2694 -0.231762
2696 -0.241608
2698 -0.240996
2700 -0.242373
2702 -0.246659
2704 -0.249209
2706 -0.255994
2708 -0.262728
2710 -0.252219
2712 -0.252984
2714 -0.264871
2716 -0.267422
2718 -0.267014
2720 -0.264922
2722 -0.261300
2724 -0.250536
2726 -0.262830
2728 -0.256198
2730 -0.268289
2732 -0.272829
2734 -0.263443
2736 -0.263238
2738 -0.274513
2740 -0.273339
2742 -0.268544
2744 -0.256760
2746 -0.264310
2748 -0.265687
2750 -0.264667
2752 -0.259871
2754 -0.263187
2756 -0.258443
2758 -0.257831
2760 -0.252117
2762 -0.254413
2764 -0.248240
2766 -0.252474
2768 -0.240435
2770 -0.245689
2772 -0.233242
2774 -0.241251
2776 -0.230385
2778 -0.239771
2780 -0.245689
2782 -0.231915
2784 -0.240027
2786 -0.240996
2788 -0.239312
2790 -0.243394
2792 -0.252882
2794 -0.244669
2796 -0.241506
2798 -0.238445
2800 -0.246556
2802 -0.248495
2804 -0.235996
2806 -0.233905
2808 -0.231609
2810 -0.236251
2812 -0.229772
2814 -0.230742
2816 -0.228956
2818 -0.232425
2820 -0.236762
2822 -0.233293
2824 -0.240996
2826 -0.243853
2828 -0.249923
2830 -0.254362
2832 -0.249107
2834 -0.239567
2836 -0.238649
2838 -0.249770
2840 -0.248852
2842 -0.245944
2844 -0.241047
2846 -0.252270
2848 -0.243598
2850 -0.235792
2852 -0.236353
2854 -0.238241
2856 -0.235792
2858 -0.240129
2860 -0.237425
2862 -0.230640
2864 -0.233548
2866 -0.233956
2868 -0.229568
2870 -0.221712
2872 -0.223702
2874 -0.226610
2876 -0.225487
2878 -0.226865
2880 -0.229875
2882 -0.218447
2884 -0.227885
2886 -0.225232
2888 -0.219620
2890 -0.227630
2892 -0.214774
2894 -0.214468
2896 -0.214978
2898 -0.218192
2900 -0.223906
2902 -0.228599
2904 -0.232680
2906 -0.228803
2908 -0.230385
2910 -0.231405
2912 -0.221916
2914 -0.221865
2916 -0.224059
2918 -0.234823
2920 -0.230487
2922 -0.237833
2924 -0.240741
2926 -0.235894
2928 -0.224824
2930 -0.220437
2932 -0.225895
2934 -0.227222
2936 -0.222069
2938 -0.235129
2940 -0.228446
2942 -0.230895
2944 -0.232680
2946 -0.236557
2948 -0.230997
2950 -0.231762
2952 -0.228395
2954 -0.238802
2956 -0.237476
2958 -0.241914
2960 -0.244108
2962 -0.235435
2964 -0.234874
2966 -0.237119
2968 -0.242679
2970 -0.248852
2972 -0.256708
2974 -0.257678
2976 -0.250791
2978 -0.243343
2980 -0.235996
2982 -0.239108
2984 -0.230283
2986 -0.233905
2988 -0.232476
2990 -0.239924
2992 -0.249770
2994 -0.253341
2996 -0.246046
2998 -0.241098
3000 -0.241965
3002 -0.242067
3004 -0.240333
3006 -0.243802
3008 -0.248954
3010 -0.251403
3012 -0.246812
3014 -0.253546
3016 -0.261810
3018 -0.260943
3020 -0.253444
3022 -0.251352
3024 -0.252321
3026 -0.252984
3028 -0.256249
3030 -0.257423
3032 -0.249158
3034 -0.252933
3036 -0.246199
3038 -0.250383
3040 -0.251046
3042 -0.248903
3044 -0.249566
3046 -0.251658
3048 -0.250689
3050 -0.253239
3052 -0.248444
3054 -0.248138
3056 -0.242679
3058 -0.247322
3060 -0.253495
3062 -0.247373
3064 -0.255127
3066 -0.254821
3068 -0.254617
3070 -0.253393
3072 -0.252117
3074 -0.254617
3076 -0.248138
3078 -0.257678
3080 -0.258545
3082 -0.254821
3084 -0.258188
3086 -0.265075
3088 -0.263443
3090 -0.256606
3092 -0.250893
3094 -0.247934
3096 -0.252984
3098 -0.255484
3100 -0.255994
3102 -0.254260
3104 -0.244771
3106 -0.243292
3108 -0.241659
3110 -0.245842
3112 -0.246710
3114 -0.250332
3116 -0.247271
3118 -0.253137
3120 -0.252780
3122 -0.264004
3124 -0.261963
3126 -0.255076
3128 -0.260586
3130 -0.266299
3132 -0.267524
3134 -0.261249
3136 -0.265177
3138 -0.256504
3140 -0.257882
3142 -0.262677
3144 -0.260943
3146 -0.270074
3148 -0.271299
3150 -0.279665
3152 -0.275074
3154 -0.273748
3156 -0.284155
3158 -0.282981
3160 -0.290430
3162 -0.285583
3164 -0.285583
3166 -0.289715
3168 -0.288134
3170 -0.281400
3172 -0.284002
3174 -0.289919
3176 -0.289868
3178 -0.292725
3180 -0.296857
3182 -0.295735
3184 -0.301092
3186 -0.300684
3188 -0.299306
3190 -0.294613
3192 -0.298796
3194 -0.294001
3196 -0.297980
3198 -0.302826
3200 -0.294307
3202 -0.296500
3204 -0.293082
3206 -0.288797
3208 -0.292317
3210 -0.287930
3212 -0.287420
3214 -0.289511
3216 -0.289613
3218 -0.293133
3220 -0.291093
3222 -0.301653
3224 -0.294511
3226 -0.294817
3228 -0.295327
3230 -0.301449
3232 -0.292062
3234 -0.298031
3236 -0.289664
3238 -0.282675
3240 -0.295633
3242 -0.290430
3244 -0.294256
3246 -0.293235
3248 -0.288389
3250 -0.283389
3252 -0.281400
3254 -0.272217
3256 -0.278645
3258 -0.279971
3260 -0.284002
3262 -0.276604
3264 -0.280737
3266 -0.279869
3268 -0.285328
3270 -0.291807
3272 -0.289919
3274 -0.291195
3276 -0.270534
3278 -0.267422
3280 -0.279359
3282 -0.276962
3284 -0.273033
3286 -0.276962
3288 -0.280380
3290 -0.280022
3292 -0.281706
3294 -0.282165
3296 -0.278594
3298 -0.278186
3300 -0.271248
3302 -0.273595
3304 -0.269309
3306 -0.271962
3308 -0.263851
3310 -0.259871
3312 -0.265075
3314 -0.264616
3316 -0.262983
3318 -0.268799
3320 -0.266248
3322 -0.269717
3324 -0.277778
3326 -0.273952
3328 -0.275992
3330 -0.267167
3332 -0.269513
3334 -0.267218
3336 -0.274156
3338 -0.274615
3340 -0.274564
3342 -0.276911
3344 -0.274258
3346 -0.274207
3348 -0.266707
3350 -0.262116
3352 -0.266350
3354 -0.278288
3356 -0.268034
3358 -0.265126
3360 -0.266758
3362 -0.272166
3364 -0.277880
3366 -0.279461
3368 -0.278339
3370 -0.271350
3372 -0.278441
3374 -0.284920
3376 -0.283236
3378 -0.287879
3380 -0.278900
3382 -0.280941
3384 -0.278084
3386 -0.281043
3388 -0.285430
3390 -0.286450
3392 -0.292878
3394 -0.291042
3396 -0.290328
3398 -0.282267
3400 -0.292470
3402 -0.297674
3404 -0.295327
3406 -0.298031
3408 -0.299153
3410 -0.300786
3412 -0.312060
3414 -0.319967
3416 -0.313743
3418 -0.314407
3420 -0.315070
3422 -0.306958
3424 -0.305887
3426 -0.298694
3428 -0.300429
3430 -0.296041
3432 -0.298745
3434 -0.297011
3436 -0.292674
3438 -0.284818
3440 -0.276298
3442 -0.285583
3444 -0.286552
3446 -0.292980
3448 -0.293848
3450 -0.298796
3452 -0.298184
3454 -0.296653
3456 -0.303642
3458 -0.298796
3460 -0.292266
3462 -0.301092
3464 -0.308081
3466 -0.300888
3468 -0.305020
3470 -0.295276
3472 -0.299000
3474 -0.299714
3476 -0.303540
3478 -0.298337
3480 -0.298592
3482 -0.298592
3484 -0.294868
3486 -0.295990
3488 -0.300939
3490 -0.300173
3492 -0.302673
3494 -0.300990
3496 -0.306397
3498 -0.312927
3500 -0.307112
3502 -0.306958
3504 -0.312315
3506 -0.310683
3508 -0.307265
3510 -0.316039
3512 -0.312774
3514 -0.311499
3516 -0.302163
3518 -0.297776
3520 -0.296806
3522 -0.299306
3524 -0.294409
3526 -0.290787
3528 -0.297419
3530 -0.306550
3532 -0.307979
3534 -0.308744
3536 -0.314305
3538 -0.315529
3540 -0.321804
3542 -0.328793
3544 -0.324814
3546 -0.321549
3548 -0.321549
3550 -0.317774
3552 -0.315835
3554 -0.316498
3556 -0.311652
3558 -0.310530
3560 -0.316957
3562 -0.320222
3564 -0.309203
3566 -0.311040
3568 -0.310785
3570 -0.313692
3572 -0.314968
3574 -0.313539
3576 -0.311142
3578 -0.314917
3580 -0.320682
3582 -0.325018
3584 -0.325528
3586 -0.323947
3588 -0.326446
3590 -0.325834
3592 -0.328130
3594 -0.321396
3596 -0.330221
3598 -0.333639
3600 -0.327058
3602 -0.328283
3604 -0.328487
3606 -0.318080
3608 -0.313029
3610 -0.318080
3612 -0.318182
3614 -0.309458
3616 -0.309050
3618 -0.314815
3620 -0.309458
3622 -0.309866
3624 -0.313386
3626 -0.311550
3628 -0.317264
3630 -0.314764
3632 -0.316243
3634 -0.305326
3636 -0.299612
3638 -0.305479
3640 -0.304663
3642 -0.305479
3644 -0.304510
3646 -0.308948
3648 -0.301959
3650 -0.304867
3652 -0.305479
3654 -0.305326
3656 -0.311652
3658 -0.319916
3660 -0.300837
3662 -0.299204
3664 -0.304969
3666 -0.310223
3668 -0.311856
3670 -0.316345
3672 -0.311601
3674 -0.320171
3676 -0.330783
3678 -0.329711
3680 -0.318080
3682 -0.317570
3684 -0.320529
3686 -0.322671
3688 -0.322161
3690 -0.315682
3692 -0.326803
3694 -0.331242
3696 -0.329864
3698 -0.329609
3700 -0.327160
3702 -0.322824
3704 -0.313948
3706 -0.318692
3708 -0.315172
3710 -0.322110
3712 -0.318743
3714 -0.315886
3716 -0.313590
3718 -0.320580
3720 -0.313948
3722 -0.314917
3724 -0.309050
3726 -0.303745
3728 -0.308132
3730 -0.314713
3732 -0.308336
3734 -0.310530
3736 -0.309356
3738 -0.313386
3740 -0.312315
3742 -0.301602
3744 -0.315631
3746 -0.309713
3748 -0.311805
3750 -0.303642
3752 -0.306091
3754 -0.323947
3756 -0.322620
3758 -0.312672
3760 -0.309764
3762 -0.313284
3764 -0.316141
3766 -0.319763
3768 -0.316243
3770 -0.317059
3772 -0.319100
3774 -0.314662
3776 -0.317927
3778 -0.315070
3780 -0.315274
3782 -0.311601
3784 -0.316243
3786 -0.316957
3788 -0.326599
3790 -0.331191
3792 -0.334966
3794 -0.336496
3796 -0.333946
3798 -0.331905
3800 -0.328181
3802 -0.326446
3804 -0.330221
3806 -0.326650
3808 -0.330885
3810 -0.333895
3812 -0.323793
3814 -0.319355
3816 -0.324610
3818 -0.328844
3820 -0.318794
3822 -0.311856
3824 -0.324916
3826 -0.320324
3828 -0.324712
3830 -0.332109
3832 -0.328436
3834 -0.325477
3836 -0.324967
3838 -0.310938
3840 -0.314968
3842 -0.316192
3844 -0.316651
3846 -0.313080
3848 -0.323079
3850 -0.328997
3852 -0.329252
3854 -0.327875
3856 -0.336394
3858 -0.338435
3860 -0.338894
3862 -0.344812
3864 -0.350015
3866 -0.344863
3868 -0.336802
3870 -0.334813
3872 -0.339251
3874 -0.340731
3876 -0.336955
3878 -0.332160
3880 -0.339659
3882 -0.344047
3884 -0.343128
3886 -0.335986
3888 -0.335170
3890 -0.337006
3892 -0.333843
3894 -0.333843
3896 -0.328283
3898 -0.328640
3900 -0.334711
3902 -0.338027
3904 -0.339353
3906 -0.340067
3908 -0.337925
3910 -0.340424
3912 -0.335935
3914 -0.332721
3916 -0.333384
3918 -0.330272
3920 -0.331854
3922 -0.347363
3924 -0.343179
3926 -0.349556
3928 -0.345424
3930 -0.347311
3932 -0.347720
3934 -0.341802
3936 -0.345169
3938 -0.340986
3940 -0.335833
3942 -0.325783
3944 -0.324304
3946 -0.330681
3948 -0.338945
3950 -0.337159
3952 -0.336955
3954 -0.335833
3956 -0.322212
3958 -0.328895
3960 -0.331497
3962 -0.334150
3964 -0.321498
3966 -0.315121
3968 -0.313743
3970 -0.315121
3972 -0.315529
3974 -0.311856
3976 -0.317162
3978 -0.318947
3980 -0.304510
3982 -0.305071
3984 -0.304510
3986 -0.293899
3988 -0.291603
3990 -0.300173
3992 -0.296194
3994 -0.294817
3996 -0.294460
3998 -0.296296
4000 -0.290123
4002 -0.290328
4004 -0.290736
4006 -0.288491
4008 -0.287471
4010 -0.287063
4012 -0.286399
4014 -0.280941
4016 -0.279971
4018 -0.289409
4020 -0.282879
4022 -0.285736
4024 -0.282165
4026 -0.284206
4028 -0.276298
4030 -0.272931
4032 -0.275023
4034 -0.272625
4036 -0.273850
4038 -0.275380
4040 -0.277370
4042 -0.276655
4044 -0.285481
4046 -0.285889
4048 -0.285175
4050 -0.276451
4052 -0.273186
4054 -0.278390
4056 -0.279716
4058 -0.285787
4060 -0.288185
4062 -0.280278
4064 -0.277931
4066 -0.281553
4068 -0.286756
4070 -0.289358
4072 -0.284614
4074 -0.289103
4076 -0.289205
4078 -0.292317
4080 -0.283747
4082 -0.271809
4084 -0.273288
4086 -0.276349
4088 -0.276145
4090 -0.281808
4092 -0.282777
4094 -0.282369
4096 -0.280737
4098 -0.273441
4100 -0.281808
4102 -0.287777
4104 -0.283900
4106 -0.278645
4108 -0.275125
4110 -0.282828
4112 -0.289256
4114 -0.285481
4116 -0.293082
4118 -0.296551
4120 -0.291246
4122 -0.287165
4124 -0.281757
4126 -0.287063
4128 -0.284206
4130 -0.286093
4132 -0.283134
4134 -0.284308
4136 -0.289205
4138 -0.290481
4140 -0.294817
4142 -0.297368
4144 -0.299357
4146 -0.294205
4148 -0.296092
4150 -0.297521
4152 -0.290430
4154 -0.295378
4156 -0.290583
4158 -0.290021
4160 -0.284002
4162 -0.284410
4164 -0.272115
4166 -0.276094
4168 -0.277421
4170 -0.286093
4172 -0.281196
4174 -0.277931
4176 -0.275584
4178 -0.277727
4180 -0.281298
4182 -0.273697
4184 -0.279206
4186 -0.278339
4188 -0.276911
4190 -0.276451
4192 -0.270330
4194 -0.267779
4196 -0.271350
4198 -0.272574
4200 -0.265789
4202 -0.260535
4204 -0.255892
4206 -0.256300
4208 -0.266963
4210 -0.263494
4212 -0.264871
4214 -0.263136
4216 -0.264616
4218 -0.258698
4220 -0.249362
4222 -0.251352
4224 -0.251556
4226 -0.249617
4228 -0.249464
4230 -0.253393
4232 -0.260688
4234 -0.249923
4236 -0.244567
4238 -0.247322
4240 -0.240129
4242 -0.244516
4244 -0.242730
4246 -0.246761
4248 -0.247577
4250 -0.250587
4252 -0.252576
4254 -0.252780
4256 -0.253801
4258 -0.255892
4260 -0.263443
4262 -0.261657
4264 -0.259565
4266 -0.264208
4268 -0.257984
4270 -0.259157
4272 -0.259361
4274 -0.247985
4276 -0.246097
4278 -0.236813
4280 -0.233599
4282 -0.236149
4284 -0.234772
4286 -0.230232
4288 -0.234925
4290 -0.229875
4292 -0.230079
4294 -0.227732
4296 -0.232017
4298 -0.229415
4300 -0.228242
4302 -0.238802
4304 -0.244720
4306 -0.239312
4308 -0.245842
4310 -0.248954
4312 -0.242067
4314 -0.247424
4316 -0.244873
4318 -0.240231
4320 -0.239669
4322 -0.238496
4324 -0.230640
4326 -0.232017
4328 -0.233650
4330 -0.230334
4332 -0.230334
4334 -0.226201
4336 -0.236864
4338 -0.238343
4340 -0.234568
4342 -0.231558
4344 -0.234619
4346 -0.240996
4348 -0.235282
4350 -0.233446
4352 -0.236915
4354 -0.238139
4356 -0.244312
4358 -0.245740
4360 -0.242679
4362 -0.251454
4364 -0.247169
4366 -0.247628
4368 -0.250689
4370 -0.247526
4372 -0.251097
4374 -0.249107
4376 -0.249974
4378 -0.252270
4380 -0.249872
4382 -0.252474
4384 -0.253495
4386 -0.255076
4388 -0.246199
4390 -0.247016
4392 -0.246097
4394 -0.244822
4396 -0.244414
4398 -0.248699
4400 -0.245332
4402 -0.251454
4404 -0.249668
4406 -0.256402
4408 -0.258137
4410 -0.254209
4412 -0.249719
4414 -0.248138
4416 -0.246761
4418 -0.249311
4420 -0.252780
4422 -0.251862
4424 -0.244363
4426 -0.243292
4428 -0.249311
4430 -0.253546
4432 -0.252219
4434 -0.247832
4436 -0.240639
4438 -0.241404
4440 -0.253648
4442 -0.262218
4444 -0.255127
4446 -0.258800
4448 -0.259667
4450 -0.258137
4452 -0.262881
4454 -0.267065
4456 -0.261708
4458 -0.251964
4460 -0.260535
4462 -0.260790
4464 -0.265330
4466 -0.258188
4468 -0.258137
4470 -0.264973
4472 -0.262065
4474 -0.265432
4476 -0.271350
4478 -0.266861
4480 -0.253239
4482 -0.251862
4484 -0.254413
4486 -0.254719
4488 -0.264412
4490 -0.273186
4492 -0.269921
4494 -0.272829
4496 -0.275329
4498 -0.278900
4500 -0.276196
4502 -0.278135
4504 -0.272115
4506 -0.268391
4508 -0.269615
4510 -0.263596
4512 -0.257372
4514 -0.266554
4516 -0.260535
4518 -0.258494
4520 -0.254923
4522 -0.245944
4524 -0.243547
4526 -0.240741
4528 -0.241455
4530 -0.233956
4532 -0.237986
4534 -0.248444
4536 -0.251046
4538 -0.235588
4540 -0.241404
4542 -0.242628
4544 -0.235486
4546 -0.232323
4548 -0.230028
4550 -0.231252
4552 -0.217019
4554 -0.225538
4556 -0.228446
4558 -0.219518
4560 -0.216713
4562 -0.215590
4564 -0.213244
4566 -0.214621
4568 -0.208397
4570 -0.212631
4572 -0.214621
4574 -0.212733
4576 -0.217886
4578 -0.217886
4580 -0.218906
4582 -0.228548
4584 -0.231864
4586 -0.234262
4588 -0.220743
4590 -0.223906
4592 -0.222069
4594 -0.221865
4596 -0.225895
4598 -0.225232
4600 -0.217172
4602 -0.220845
4604 -0.218600
4606 -0.225691
4608 -0.226916
4610 -0.220080
4612 -0.229568
4614 -0.227528
4616 -0.226559
4618 -0.224314
4620 -0.228905
4622 -0.228599
4624 -0.231609
4626 -0.230895
4628 -0.242016
4630 -0.229466
4632 -0.213346
4634 -0.221916
4636 -0.228446
4638 -0.224467
4640 -0.229364
4642 -0.231864
4644 -0.227987
4646 -0.227273
4648 -0.236098
4650 -0.238751
4652 -0.238649
4654 -0.252219
4656 -0.244210
4658 -0.238190
4660 -0.239771
4662 -0.242679
4664 -0.240333
4666 -0.245026
4668 -0.238853
4670 -0.242067
4672 -0.225538
4674 -0.224059
4676 -0.236506
4678 -0.233242
4680 -0.231660
4682 -0.234109
4684 -0.237221
4686 -0.238598
4688 -0.238445
4690 -0.236660
4692 -0.228599
4694 -0.234721
4696 -0.242169
4698 -0.248291
4700 -0.244975
4702 -0.239669
4704 -0.239976
4706 -0.232884
4708 -0.240792
4710 -0.236506
4712 -0.247526
4714 -0.243904
4716 -0.238598
4718 -0.241302
4720 -0.243087
4722 -0.247220
4724 -0.251301
4726 -0.245842
4728 -0.244006
4730 -0.247577
4732 -0.249464
4734 -0.250485
4736 -0.240996
4738 -0.250230
4740 -0.249872
4742 -0.263391
4744 -0.257525
4746 -0.258290
4748 -0.258902
4750 -0.253341
4752 -0.245536
4754 -0.240945
4756 -0.244516
4758 -0.245587
4760 -0.240384
4762 -0.248903
4764 -0.250944
4766 -0.249362
4768 -0.249311
4770 -0.250230
4772 -0.239567
4774 -0.239261
4776 -0.236557
4778 -0.231813
4780 -0.230589
4782 -0.233905
4784 -0.229517
4786 -0.228599
4788 -0.229415
4790 -0.228905
4792 -0.227171
4794 -0.223345
4796 -0.229568
4798 -0.231609
4800 -0.230946
4802 -0.239210
4804 -0.241659
4806 -0.253035
4808 -0.247220
4810 -0.245026
4812 -0.237527
4814 -0.234058
4816 -0.234874
4818 -0.234058
4820 -0.230130
4822 -0.232782
4824 -0.240741
4826 -0.239159
4828 -0.240231
4830 -0.231915
4832 -0.231711
4834 -0.229670
4836 -0.230130
4838 -0.230895
4840 -0.229823
4842 -0.226610
4844 -0.227426
4846 -0.234925
4848 -0.227120
4850 -0.227987
4852 -0.224059
4854 -0.226865
4856 -0.228752
4858 -0.224365
4860 -0.228140
4862 -0.225844
4864 -0.224671
4866 -0.233344
4868 -0.231252
4870 -0.232119
4872 -0.232578
4874 -0.234007
4876 -0.233905
4878 -0.225742
4880 -0.217223
4882 -0.219110
4884 -0.220386
4886 -0.226814
4888 -0.226610
4890 -0.227834
4892 -0.225385
4894 -0.229926
4896 -0.233088
4898 -0.232884
4900 -0.234211
4902 -0.238037
4904 -0.234262
4906 -0.233497
4908 -0.222732
4910 -0.222732
4912 -0.229313
4914 -0.224110
4916 -0.223396
4918 -0.224365
4920 -0.228548
4922 -0.230436
4924 -0.225130
4926 -0.222732
4928 -0.221100
4930 -0.220692
4932 -0.228905
4934 -0.227018
4936 -0.229109
4938 -0.231915
4940 -0.227936
4942 -0.243700
4944 -0.235078
4946 -0.227324
4948 -0.222885
4950 -0.222885
4952 -0.229364
4954 -0.230283
4956 -0.228089
4958 -0.228293
4960 -0.229160
4962 -0.233446
4964 -0.225079
4966 -0.224110
4968 -0.233905
4970 -0.225283
4972 -0.219825
4974 -0.218294
4976 -0.218549
4978 -0.222987
4980 -0.219416
4982 -0.219059
4984 -0.215488
4986 -0.216202
4988 -0.216304
4990 -0.216560
4992 -0.227630
4994 -0.225640
4996 -0.227477
4998 -0.217682
# end simulation 1
# average for simulation 1: -0.094591 +- 0.193104 
# average of all simulations: -0.094591 +- 0.000000
# overall average: -0.094591 +- 0.193104
